Log of miniGPT forward pass:
	Random seed: 3620553521
	Time elapsed: 22.789s (22.713s spent logging)
	Structure:
		- recurrent (at most 2 loops)
		- with branching
		- no conditional (if-then) branching
		- contains 48 buffer layers
		- 317 total modules
	Tensor info:
		- 698 total tensors (14.4 MB) computed in forward pass.
		- 698 tensors (14.4 MB) with saved activations.
	Parameters: 178 parameter operations (10788929 params total; 41.2 MB)


Node details:
--------------------------------------------
Layer input_1, operation 0/648:
	Output tensor: shape=1x11(88 bytes), dype=torch.int64, Tensor size=216 bytes, Tensor storage size=0
		tensor([[42]])...
	Related Layers:
		- no parent layers
		- child layers: embedding_1_1
		- shares parents with no other layers
		- shares children with no other layers
		- descendent of input layers: input_1
		- ancestor of output layers: output_1
	Params: no params used
	Output of modules: none
	Lookup keys: -698, 0, input.idx, input_1, input_1, input_1:1, input_1:1
--------------------------------------------
Layer embedding_1_1, operation 1/648:
	Output tensor: shape=1x11x384(16896 bytes), dype=torch.float32, Tensor size=17040 bytes, Tensor storage size=16960
		tensor([[-0.5682,  0.6073, -0.4393, -0.6129,  0.2118,  1.9125,  0.1985,  1.2209],
        [ 0.4752, -1.3044,  0.2877,  2.3898, -1.2345, -1.1072, -1.3594, -1.7027],
        [-0.7326, -1.2240, -0.2339,  0.4898, -0.0960, -0.0279,  0.7931,  0.1592],
        [-0.7326, -1.2240, -0.2339,  0.4898, -0.0960, -0.0279,  0.7931,  0.1592],
        [ 1.0141,  0.4149, -0.5647, -1.0683,  2.1059, -0.0822,  0.8860,  0.1120],
        [ 1.2421,  0.9075,  0.1316,  1.4356, -0.0212,  0.3730, -1.3040, -0.7241],
        [-0.9557, -0.0117,  1.4950,  0.5488, -0.0374,  2.3920, -0.6318,  0.0792],
        [-0.8917,  1.7229,  0.5939, -0.6319,  0.0240, -0.0343, -1.6418, -1.0043]])...
	Related Layers:
		- parent layers: input_1
		- child layers: add_1_4
		- shares parents with no other layers
		- shares children with layers: embedding_2_3
		- descendent of input layers: input_1
		- ancestor of output layers: output_1
	Params: Computed from params with shape (65, 384); 24960 params total (97.6 KB)
	Function: embedding (grad_fn: EmbeddingBackward0) 
	Computed inside module: token_embedding_table:1
	Time elapsed:  2.251E-04s
	Output of modules: token_embedding_table
	Output of bottom-level module: token_embedding_table:1
	Lookup keys: -697, 1, embedding_1, embedding_1:1, embedding_1_1, embedding_1_1:1, token_embedding_table, token_embedding_table:1
--------------------------------------------
Layer arange_1_2, operation 2/648:
	Output tensor: shape=11(88 bytes), dype=torch.int64, Tensor size=200 bytes, Tensor storage size=152
		tensor([0, 1, 2, 3, 4, 5, 6, 7])...
	Related Layers:
		- no parent layers
		- child layers: embedding_2_3
		- shares parents with no other layers
		- shares children with no other layers
		- tensor was created de novo inside the model (not computed from input)
		- ancestor of output layers: output_1
	Params: no params used
	Function: arange (grad_fn: NoneType) 
	Computed inside module: not computed inside a module
	Time elapsed:  1.965E-04s
	Output of modules: none
	Lookup keys: -696, 2, arange_1, arange_1:1, arange_1_2, arange_1_2:1
--------------------------------------------
Layer embedding_2_3, operation 3/648:
	Output tensor: shape=11x384(16896 bytes), dype=torch.float32, Tensor size=17024 bytes, Tensor storage size=16960
		tensor([[ 0.3007, -0.1916,  0.2411,  0.9030, -1.2097,  0.0306,  1.2770, -0.2606],
        [-0.2395, -0.5329,  0.9710, -0.5946, -0.6381,  0.6068,  1.5018,  0.4344],
        [ 0.7109,  0.2245, -1.0280,  0.7702, -0.4917,  0.6438, -0.8439, -1.3233],
        [ 1.1891,  0.8964,  0.7996, -0.3278,  0.2265,  0.8040,  0.1987,  0.1316],
        [ 1.0299, -0.0204, -0.4053, -0.1829,  0.0104, -1.4258,  0.0661,  0.7017],
        [-0.1331,  0.7235, -2.1202, -0.8567, -1.2131,  0.1519, -0.7219,  1.2688],
        [-0.3180, -0.1523, -0.7307, -1.1994, -0.1217,  0.7153, -0.2349, -1.3885],
        [-1.6191, -0.4535, -0.1166, -0.5731, -1.2998,  0.0504, -2.3936, -0.1405]])...
	Related Layers:
		- parent layers: arange_1_2
		- child layers: add_1_4
		- shares parents with no other layers
		- shares children with layers: embedding_1_1
		- tensor was created de novo inside the model (not computed from input)
		- ancestor of output layers: output_1
	Params: Computed from params with shape (256, 384); 98304 params total (384.1 KB)
	Function: embedding (grad_fn: EmbeddingBackward0) 
	Computed inside module: position_embedding_table:1
	Time elapsed:  7.558E-05s
	Output of modules: position_embedding_table
	Output of bottom-level module: position_embedding_table:1
	Lookup keys: -695, 3, embedding_2, embedding_2:1, embedding_2_3, embedding_2_3:1, position_embedding_table, position_embedding_table:1
--------------------------------------------
Layer add_1_4, operation 4/648:
	Output tensor: shape=1x11x384(16896 bytes), dype=torch.float32, Tensor size=17040 bytes, Tensor storage size=16960
		tensor([[-0.2675,  0.4157, -0.1982,  0.2901, -0.9979,  1.9431,  1.4755,  0.9603],
        [ 0.2356, -1.8373,  1.2587,  1.7951, -1.8726, -0.5004,  0.1424, -1.2683],
        [-0.0217, -0.9995, -1.2618,  1.2600, -0.5877,  0.6159, -0.0508, -1.1641],
        [ 0.4565, -0.3276,  0.5657,  0.1620,  0.1305,  0.7760,  0.9918,  0.2908],
        [ 2.0440,  0.3945, -0.9700, -1.2512,  2.1163, -1.5079,  0.9520,  0.8137],
        [ 1.1090,  1.6310, -1.9885,  0.5790, -1.2342,  0.5249, -2.0259,  0.5447],
        [-1.2737, -0.1640,  0.7643, -0.6506, -0.1591,  3.1073, -0.8666, -1.3094],
        [-2.5108,  1.2695,  0.4773, -1.2050, -1.2758,  0.0161, -4.0355, -1.1448]])...
	Related Layers:
		- parent layers: embedding_1_1, embedding_2_3
		- child layers: layernorm_1_5, add_2_105:1
		- shares parents with no other layers
		- shares children with layers: dropout_9_104
		- descendent of input layers: input_1
		- ancestor of output layers: output_1
	Params: no params used
	Function: __add__ (grad_fn: AddBackward0) 
	Computed inside module: not computed inside a module
	Time elapsed:  2.270E-04s
	Output of modules: none
	Lookup keys: -694, 4, add_1, add_1:1, add_1_4, add_1_4:1
--------------------------------------------
Layer layernorm_1_5, operation 5/648:
	Output tensor: shape=1x11x384(16896 bytes), dype=torch.float32, Tensor size=17040 bytes, Tensor storage size=16960
		tensor([[-0.2762,  0.1879, -0.2304,  0.0917, -0.7431,  1.2254,  0.9269,  0.5653],
        [ 0.1715, -1.2898,  0.8812,  1.2458, -1.2734, -0.3866,  0.1156, -0.8545],
        [ 0.0301, -0.6763, -0.8636,  0.9287, -0.3481,  0.4555,  0.0223, -0.7584],
        [ 0.3119, -0.2300,  0.3752,  0.0891,  0.1095,  0.4929,  0.6727,  0.1987],
        [ 1.5488,  0.3395, -0.6293, -0.8450,  1.5841, -1.0528,  0.7505,  0.6399],
        [ 0.8591,  1.2239, -1.4796,  0.4307, -0.8758,  0.3779, -1.4669,  0.4210],
        [-0.8850, -0.0934,  0.5682, -0.4503, -0.0572,  2.2242, -0.5615, -0.8652],
        [-1.7253,  0.8270,  0.3013, -0.8440, -0.8381, -0.0382, -2.6725, -0.7534]])...
	Related Layers:
		- parent layers: add_1_4
		- child layers: linear_1_6, linear_2_7, linear_3_16, linear_4_18, linear_5_19, linear_6_28, linear_7_30, linear_8_31, linear_9_40, linear_10_42, linear_11_43, linear_12_52, linear_13_54, linear_14_55, linear_15_64, linear_16_66, linear_17_67, linear_18_76, linear_19_78, linear_20_79, linear_21_88, linear_22_90, linear_23_91, linear_24_100
		- shares parents with layers: add_2_105:1
		- shares children with no other layers
		- descendent of input layers: input_1
		- ancestor of output layers: output_1
	Params: Computed from params with shape (384,), (384,); 768 params total (3.2 KB)
	Function: layer_norm (grad_fn: NativeLayerNormBackward0) 
	Computed inside module: blocks.0.ln1:1
	Time elapsed:  2.121E-03s
	Output of modules: blocks.0.ln1
	Output of bottom-level module: blocks.0.ln1:1
	Lookup keys: -693, 5, blocks.0.ln1, blocks.0.ln1:1, layernorm_1, layernorm_1:1, layernorm_1_5, layernorm_1_5:1
--------------------------------------------
Layer linear_1_6, operation 6/648:
	Output tensor: shape=1x11x48(2112 bytes), dype=torch.float32, Tensor size=2256 bytes, Tensor storage size=2176
		tensor([[ 0.0592, -0.2643, -0.4999, -2.5263, -2.2876,  1.5732,  2.0375,  0.1636],
        [-1.1963, -0.2808,  0.3116, -1.6370, -1.1617,  0.3508,  0.8795,  1.1641],
        [ 0.6627,  0.2638,  1.6938,  0.5048, -0.8589,  1.7712,  0.1537,  0.2849],
        [ 1.1928, -1.1809,  0.9211,  0.7787,  0.2857,  0.1211,  0.7069,  0.7513],
        [ 1.2835,  0.6706, -1.5994,  0.1226,  1.1441, -1.5586, -1.4937, -0.4194],
        [-3.9176, -3.7041, -2.7502, -2.1240, -1.3696,  2.4169,  1.1582, -0.2389],
        [-1.4371,  0.0065, -0.8166,  0.2175, -0.4559,  2.4779,  0.6830, -2.5782],
        [-1.1387,  0.7114, -0.2380,  0.5000, -2.4940,  1.7858, -0.3477, -2.4105]])...
	Related Layers:
		- parent layers: layernorm_1_5
		- child layers: transpose_1_8
		- shares parents with layers: linear_2_7, linear_3_16, linear_4_18, linear_5_19, linear_6_28, linear_7_30, linear_8_31, linear_9_40, linear_10_42, linear_11_43, linear_12_52, linear_13_54, linear_14_55, linear_15_64, linear_16_66, linear_17_67, linear_18_76, linear_19_78, linear_20_79, linear_21_88, linear_22_90, linear_23_91, linear_24_100
		- shares children with no other layers
		- descendent of input layers: input_1
		- ancestor of output layers: output_1
	Params: Computed from params with shape (48, 384); 18432 params total (72.1 KB)
	Function: linear (grad_fn: UnsafeViewBackward0) 
	Computed inside module: blocks.0.sa.heads.0.key:1
	Time elapsed:  2.397E-03s
	Output of modules: blocks.0.sa.heads.0.key
	Output of bottom-level module: blocks.0.sa.heads.0.key:1
	Lookup keys: -692, 6, blocks.0.sa.heads.0.key, blocks.0.sa.heads.0.key:1, linear_1, linear_1:1, linear_1_6, linear_1_6:1
--------------------------------------------
Layer linear_2_7, operation 7/648:
	Output tensor: shape=1x11x48(2112 bytes), dype=torch.float32, Tensor size=2256 bytes, Tensor storage size=2176
		tensor([[-0.3383,  0.3953,  0.1926, -1.0558, -0.3057,  0.4732, -0.4212, -0.0041],
        [ 1.1393, -0.3857,  0.7504,  1.0370,  0.7473, -0.4326,  0.7625,  2.3072],
        [ 0.7583, -0.0225,  1.4747, -0.3221,  0.8399, -1.1496, -1.6560, -0.4024],
        [ 0.6659,  0.2801,  2.2827,  0.2842,  1.5116, -0.1577, -1.9884, -0.6797],
        [-0.3333,  0.6803,  0.7824,  1.9521,  0.9257,  1.0973, -2.2145, -0.9388],
        [ 1.0930,  0.3807, -0.7288,  0.2670, -0.0778, -1.6064, -2.1795, -1.3355],
        [ 2.4429, -0.0054,  2.6454,  1.1072,  1.3872, -1.5269, -1.0462, -0.1629],
        [ 0.1726, -1.2678, -1.0167,  0.8438,  1.5523, -1.2087, -2.3912, -1.9072]])...
	Related Layers:
		- parent layers: layernorm_1_5
		- child layers: matmul_1_9
		- shares parents with layers: linear_1_6, linear_3_16, linear_4_18, linear_5_19, linear_6_28, linear_7_30, linear_8_31, linear_9_40, linear_10_42, linear_11_43, linear_12_52, linear_13_54, linear_14_55, linear_15_64, linear_16_66, linear_17_67, linear_18_76, linear_19_78, linear_20_79, linear_21_88, linear_22_90, linear_23_91, linear_24_100
		- shares children with layers: transpose_1_8
		- descendent of input layers: input_1
		- ancestor of output layers: output_1
	Params: Computed from params with shape (48, 384); 18432 params total (72.1 KB)
	Function: linear (grad_fn: UnsafeViewBackward0) 
	Computed inside module: blocks.0.sa.heads.0.query:1
	Time elapsed:  1.049E-04s
	Output of modules: blocks.0.sa.heads.0.query
	Output of bottom-level module: blocks.0.sa.heads.0.query:1
	Lookup keys: -691, 7, blocks.0.sa.heads.0.query, blocks.0.sa.heads.0.query:1, linear_2, linear_2:1, linear_2_7, linear_2_7:1
--------------------------------------------
Layer transpose_1_8, operation 8/648:
	Output tensor: shape=1x48x11(2112 bytes), dype=torch.float32, Tensor size=2256 bytes, Tensor storage size=2176
		tensor([[ 0.0592, -1.1963,  0.6627,  1.1928,  1.2835, -3.9176, -1.4371, -1.1387],
        [-0.2643, -0.2808,  0.2638, -1.1809,  0.6706, -3.7041,  0.0065,  0.7114],
        [-0.4999,  0.3116,  1.6938,  0.9211, -1.5994, -2.7502, -0.8166, -0.2380],
        [-2.5263, -1.6370,  0.5048,  0.7787,  0.1226, -2.1240,  0.2175,  0.5000],
        [-2.2876, -1.1617, -0.8589,  0.2857,  1.1441, -1.3696, -0.4559, -2.4940],
        [ 1.5732,  0.3508,  1.7712,  0.1211, -1.5586,  2.4169,  2.4779,  1.7858],
        [ 2.0375,  0.8795,  0.1537,  0.7069, -1.4937,  1.1582,  0.6830, -0.3477],
        [ 0.1636,  1.1641,  0.2849,  0.7513, -0.4194, -0.2389, -2.5782, -2.4105]])...
	Related Layers:
		- parent layers: linear_1_6
		- child layers: matmul_1_9
		- shares parents with no other layers
		- shares children with layers: linear_2_7
		- descendent of input layers: input_1
		- ancestor of output layers: output_1
	Params: no params used
	Function: transpose (grad_fn: TransposeBackward0) 
	Computed inside module: blocks.0.sa.heads.0:1
	Time elapsed:  6.509E-05s
	Output of modules: none
	Lookup keys: -690, 8, transpose_1, transpose_1:1, transpose_1_8, transpose_1_8:1
--------------------------------------------
Layer matmul_1_9, operation 9/648:
	Output tensor: shape=1x11x11(484 bytes), dype=torch.float32, Tensor size=628 bytes, Tensor storage size=548
		tensor([[ 15.5477,  21.4082,  16.8673,  10.6187, -13.5087,  14.3695,   4.8481,
         -20.6077],
        [-14.8328,   7.3664,  -3.4618,   9.7869,   4.5173, -15.5804, -33.1131,
         -27.2701],
        [-38.0965, -13.2179, -10.1693,  -5.0810,   6.7253, -31.7674, -14.6013,
           7.1550],
        [-35.7524, -26.7474,   2.8388,  -7.9067,   9.4304, -39.4280,  -1.4555,
          15.8903],
        [-38.7009, -27.2612,   0.5712,  -7.0700,   3.9914, -36.7333,  10.3137,
          16.1914],
        [-34.5520, -30.9612, -30.5221, -17.9972,  34.0487, -36.1808, -16.4794,
          10.9569],
        [-44.7819, -10.7485, -27.1267,  -2.1807,  20.4502, -49.9321, -43.9717,
          -1.3077],
        [-63.3000, -22.2892, -26.5376, -11.1323,  11.8339, -28.5582, -14.5107,
           1.7180]])...
	Related Layers:
		- parent layers: linear_2_7, transpose_1_8
		- child layers: mul_1_10
		- shares parents with no other layers
		- shares children with no other layers
		- descendent of input layers: input_1
		- ancestor of output layers: output_1
	Params: no params used
	Function: __matmul__ (grad_fn: UnsafeViewBackward0) 
	Computed inside module: blocks.0.sa.heads.0:1
	Time elapsed:  2.425E-04s
	Output of modules: none
	Lookup keys: -689, 9, matmul_1, matmul_1:1, matmul_1_9, matmul_1_9:1
--------------------------------------------
Layer mul_1_10, operation 10/648:
	Output tensor: shape=1x11x11(484 bytes), dype=torch.float32, Tensor size=628 bytes, Tensor storage size=548
		tensor([[ 0.7934,  1.0925,  0.8608,  0.5419, -0.6894,  0.7333,  0.2474, -1.0516],
        [-0.7569,  0.3759, -0.1767,  0.4994,  0.2305, -0.7951, -1.6898, -1.3916],
        [-1.9441, -0.6745, -0.5190, -0.2593,  0.3432, -1.6211, -0.7451,  0.3651],
        [-1.8245, -1.3649,  0.1449, -0.4035,  0.4812, -2.0121, -0.0743,  0.8109],
        [-1.9749, -1.3912,  0.0291, -0.3608,  0.2037, -1.8745,  0.5263,  0.8263],
        [-1.7632, -1.5800, -1.5576, -0.9184,  1.7375, -1.8463, -0.8410,  0.5591],
        [-2.2853, -0.5485, -1.3843, -0.1113,  1.0436, -2.5481, -2.2439, -0.0667],
        [-3.2303, -1.1374, -1.3542, -0.5681,  0.6039, -1.4574, -0.7405,  0.0877]])...
	Related Layers:
		- parent layers: matmul_1_9
		- child layers: maskedfill_1_13
		- shares parents with no other layers
		- shares children with layers: eq_1_12
		- descendent of input layers: input_1
		- ancestor of output layers: output_1
	Params: no params used
	Function: __mul__ (grad_fn: MulBackward0) 
	Computed inside module: blocks.0.sa.heads.0:1
	Time elapsed:  1.564E-04s
	Output of modules: none
	Lookup keys: -688, 10, mul_1, mul_1:1, mul_1_10, mul_1_10:1
--------------------------------------------
Layer getitem_1_11, operation 11/648:
	Output tensor: shape=11x11(484 bytes), dype=torch.float32, Tensor size=612 bytes, Tensor storage size=262208
		tensor([[1., 0., 0., 0., 0., 0., 0., 0.],
        [1., 1., 0., 0., 0., 0., 0., 0.],
        [1., 1., 1., 0., 0., 0., 0., 0.],
        [1., 1., 1., 1., 0., 0., 0., 0.],
        [1., 1., 1., 1., 1., 0., 0., 0.],
        [1., 1., 1., 1., 1., 1., 0., 0.],
        [1., 1., 1., 1., 1., 1., 1., 0.],
        [1., 1., 1., 1., 1., 1., 1., 1.]])...
	Related Layers:
		- parent layers: buffer_1
		- child layers: eq_1_12
		- shares parents with no other layers
		- shares children with no other layers
		- tensor was created de novo inside the model (not computed from input)
		- ancestor of output layers: output_1
	Params: no params used
	Function: __getitem__ (grad_fn: NoneType) 
	Computed inside module: not computed inside a module
	Time elapsed:  1.476E-04s
	Output of modules: none
	Lookup keys: -686, 12, getitem_1, getitem_1:1, getitem_1_11, getitem_1_11:1
--------------------------------------------
Layer eq_1_12, operation 12/648:
	Output tensor: shape=11x11(121 bytes), dype=torch.bool, Tensor size=249 bytes, Tensor storage size=185
		tensor([[False,  True,  True,  True,  True,  True,  True,  True],
        [False, False,  True,  True,  True,  True,  True,  True],
        [False, False, False,  True,  True,  True,  True,  True],
        [False, False, False, False,  True,  True,  True,  True],
        [False, False, False, False, False,  True,  True,  True],
        [False, False, False, False, False, False,  True,  True],
        [False, False, False, False, False, False, False,  True],
        [False, False, False, False, False, False, False, False]])...
	Related Layers:
		- parent layers: getitem_1_11
		- child layers: maskedfill_1_13
		- shares parents with no other layers
		- shares children with layers: mul_1_10
		- tensor was created de novo inside the model (not computed from input)
		- ancestor of output layers: output_1
	Params: no params used
	Function: __eq__ (grad_fn: NoneType) 
	Computed inside module: not computed inside a module
	Time elapsed:  1.428E-04s
	Output of modules: none
	Lookup keys: -685, 13, eq_1, eq_1:1, eq_1_12, eq_1_12:1
--------------------------------------------
Layer maskedfill_1_13, operation 13/648:
	Output tensor: shape=1x11x11(484 bytes), dype=torch.float32, Tensor size=628 bytes, Tensor storage size=548
		tensor([[ 0.7934,    -inf,    -inf,    -inf,    -inf,    -inf,    -inf,    -inf],
        [-0.7569,  0.3759,    -inf,    -inf,    -inf,    -inf,    -inf,    -inf],
        [-1.9441, -0.6745, -0.5190,    -inf,    -inf,    -inf,    -inf,    -inf],
        [-1.8245, -1.3649,  0.1449, -0.4035,    -inf,    -inf,    -inf,    -inf],
        [-1.9749, -1.3912,  0.0291, -0.3608,  0.2037,    -inf,    -inf,    -inf],
        [-1.7632, -1.5800, -1.5576, -0.9184,  1.7375, -1.8463,    -inf,    -inf],
        [-2.2853, -0.5485, -1.3843, -0.1113,  1.0436, -2.5481, -2.2439,    -inf],
        [-3.2303, -1.1374, -1.3542, -0.5681,  0.6039, -1.4574, -0.7405,  0.0877]])...
	Related Layers:
		- parent layers: mul_1_10, eq_1_12
		- child layers: softmax_1_14
		- shares parents with no other layers
		- shares children with no other layers
		- descendent of input layers: input_1
		- ancestor of output layers: output_1
	Params: no params used
	Function: masked_fill (grad_fn: MaskedFillBackward0) 
	Computed inside module: blocks.0.sa.heads.0:1
	Time elapsed:  1.888E-04s
	Output of modules: none
	Lookup keys: -684, 14, maskedfill_1, maskedfill_1:1, maskedfill_1_13, maskedfill_1_13:1
--------------------------------------------
Layer softmax_1_14, operation 14/648:
	Output tensor: shape=1x11x11(484 bytes), dype=torch.float32, Tensor size=628 bytes, Tensor storage size=548
		tensor([[1.0000, 0.0000, 0.0000, 0.0000, 0.0000, 0.0000, 0.0000, 0.0000],
        [0.2436, 0.7564, 0.0000, 0.0000, 0.0000, 0.0000, 0.0000, 0.0000],
        [0.1147, 0.4083, 0.4770, 0.0000, 0.0000, 0.0000, 0.0000, 0.0000],
        [0.0720, 0.1140, 0.5159, 0.2981, 0.0000, 0.0000, 0.0000, 0.0000],
        [0.0415, 0.0745, 0.3082, 0.2087, 0.3670, 0.0000, 0.0000, 0.0000],
        [0.0251, 0.0302, 0.0308, 0.0585, 0.8323, 0.0231, 0.0000, 0.0000],
        [0.0210, 0.1192, 0.0517, 0.1845, 0.5856, 0.0161, 0.0219, 0.0000],
        [0.0082, 0.0666, 0.0536, 0.1177, 0.3799, 0.0484, 0.0990, 0.2267]])...
	Related Layers:
		- parent layers: maskedfill_1_13
		- child layers: dropout_1_15
		- shares parents with no other layers
		- shares children with no other layers
		- descendent of input layers: input_1
		- ancestor of output layers: output_1
	Params: no params used
	Function: softmax (grad_fn: SoftmaxBackward0) 
	Computed inside module: blocks.0.sa.heads.0:1
	Time elapsed:  1.557E-04s
	Output of modules: none
	Lookup keys: -683, 15, softmax_1, softmax_1:1, softmax_1_14, softmax_1_14:1
--------------------------------------------
Layer dropout_1_15, operation 15/648:
	Output tensor: shape=1x11x11(484 bytes), dype=torch.float32, Tensor size=628 bytes, Tensor storage size=548
		tensor([[1.0000, 0.0000, 0.0000, 0.0000, 0.0000, 0.0000, 0.0000, 0.0000],
        [0.2436, 0.7564, 0.0000, 0.0000, 0.0000, 0.0000, 0.0000, 0.0000],
        [0.1147, 0.4083, 0.4770, 0.0000, 0.0000, 0.0000, 0.0000, 0.0000],
        [0.0720, 0.1140, 0.5159, 0.2981, 0.0000, 0.0000, 0.0000, 0.0000],
        [0.0415, 0.0745, 0.3082, 0.2087, 0.3670, 0.0000, 0.0000, 0.0000],
        [0.0251, 0.0302, 0.0308, 0.0585, 0.8323, 0.0231, 0.0000, 0.0000],
        [0.0210, 0.1192, 0.0517, 0.1845, 0.5856, 0.0161, 0.0219, 0.0000],
        [0.0082, 0.0666, 0.0536, 0.1177, 0.3799, 0.0484, 0.0990, 0.2267]])...
	Related Layers:
		- parent layers: softmax_1_14
		- child layers: matmul_2_17
		- shares parents with no other layers
		- shares children with layers: linear_3_16
		- descendent of input layers: input_1
		- ancestor of output layers: output_1
	Params: no params used
	Function: dropout (grad_fn: SoftmaxBackward0) 
	Computed inside module: blocks.0.sa.heads.0.dropout:1
	Time elapsed:  1.194E-04s
	Output of modules: blocks.0.sa.heads.0.dropout
	Output of bottom-level module: blocks.0.sa.heads.0.dropout:1
	Lookup keys: -682, 16, blocks.0.sa.heads.0.dropout, blocks.0.sa.heads.0.dropout:1, dropout_1, dropout_1:1, dropout_1_15, dropout_1_15:1
--------------------------------------------
Layer linear_3_16, operation 16/648:
	Output tensor: shape=1x11x48(2112 bytes), dype=torch.float32, Tensor size=2256 bytes, Tensor storage size=2176
		tensor([[-7.4854e-01,  1.7668e+00,  2.7114e+00, -3.2724e-01, -4.4953e-01,
         -1.4062e+00, -5.2633e-01, -2.0887e-01],
        [ 3.0568e-01,  2.1512e-01,  1.5741e+00,  6.0972e-01, -5.9942e-01,
         -1.5246e+00,  1.0707e-01,  1.1069e+00],
        [-5.2264e-01,  4.4750e-01,  5.7607e-01, -1.0766e+00, -9.5259e-01,
         -1.9292e-01, -8.8370e-01,  8.1518e-02],
        [-5.4254e-01,  7.0452e-01,  1.9017e+00,  9.2078e-01, -1.2988e+00,
         -2.0633e-03, -6.2786e-01, -9.6862e-01],
        [-7.7352e-01,  6.5274e-01,  1.6357e+00, -2.7293e-02, -2.9817e-01,
         -6.5322e-02, -4.0153e-01,  2.2258e-01],
        [-1.0334e+00,  4.5721e-01,  4.1852e-01,  8.3570e-01, -1.6004e+00,
         -7.2439e-02, -1.5702e-02,  4.9277e-01],
        [-1.5659e-01,  1.5264e-01,  9.0247e-01, -2.2404e-01, -8.0376e-01,
         -1.0650e-01,  1.5713e+00, -4.2731e-01],
        [-6.8074e-01, -1.1391e-02,  2.4477e-01, -3.4755e-01, -1.2062e+00,
          6.2059e-01,  1.4187e-01, -5.8647e-01]])...
	Related Layers:
		- parent layers: layernorm_1_5
		- child layers: matmul_2_17
		- shares parents with layers: linear_1_6, linear_2_7, linear_4_18, linear_5_19, linear_6_28, linear_7_30, linear_8_31, linear_9_40, linear_10_42, linear_11_43, linear_12_52, linear_13_54, linear_14_55, linear_15_64, linear_16_66, linear_17_67, linear_18_76, linear_19_78, linear_20_79, linear_21_88, linear_22_90, linear_23_91, linear_24_100
		- shares children with layers: dropout_1_15
		- descendent of input layers: input_1
		- ancestor of output layers: output_1
	Params: Computed from params with shape (48, 384); 18432 params total (72.1 KB)
	Function: linear (grad_fn: UnsafeViewBackward0) 
	Computed inside module: blocks.0.sa.heads.0.value:1
	Time elapsed:  1.135E-04s
	Output of modules: blocks.0.sa.heads.0.value
	Output of bottom-level module: blocks.0.sa.heads.0.value:1
	Lookup keys: -681, 17, blocks.0.sa.heads.0.value, blocks.0.sa.heads.0.value:1, linear_3, linear_3:1, linear_3_16, linear_3_16:1
--------------------------------------------
Layer matmul_2_17, operation 17/648:
	Output tensor: shape=1x11x48(2112 bytes), dype=torch.float32, Tensor size=2256 bytes, Tensor storage size=2176
		tensor([[-0.7485,  1.7668,  2.7114, -0.3272, -0.4495, -1.4062, -0.5263, -0.2089],
        [ 0.0488,  0.5932,  1.8512,  0.3814, -0.5629, -1.4958, -0.0473,  0.7863],
        [-0.2104,  0.5040,  1.2285, -0.3021, -0.7507, -0.8758, -0.4382,  0.4668],
        [-0.4504,  0.5926,  1.2388, -0.2349, -0.9793, -0.3752, -0.6688, -0.1356],
        [-0.5666,  0.6140,  1.4047, -0.1179, -0.7375, -0.2558, -0.5647, -0.0216],
        [-0.7251,  0.6597,  1.6156,  0.0274, -0.4198, -0.1434, -0.4085,  0.1707],
        [-0.5795,  0.6088,  1.6096,  0.1727, -0.5878, -0.2633, -0.3608,  0.0820],
        [-0.5913,  0.4183,  1.1682,  0.0176, -0.7912, -0.0218, -0.0840, -0.1045]])...
	Related Layers:
		- parent layers: dropout_1_15, linear_3_16
		- child layers: cat_1_102
		- shares parents with no other layers
		- shares children with layers: matmul_4_29, matmul_6_41, matmul_8_53, matmul_10_65, matmul_12_77, matmul_14_89, matmul_16_101
		- descendent of input layers: input_1
		- ancestor of output layers: output_1
	Params: no params used
	Function: __matmul__ (grad_fn: UnsafeViewBackward0) 
	Computed inside module: blocks.0.sa.heads.0:1
	Time elapsed:  1.154E-04s
	Output of modules: blocks.0.sa.heads.0
	Lookup keys: -680, 18, blocks.0.sa.heads.0, blocks.0.sa.heads.0:1, matmul_2, matmul_2:1, matmul_2_17, matmul_2_17:1
--------------------------------------------
Layer linear_4_18, operation 18/648:
	Output tensor: shape=1x11x48(2112 bytes), dype=torch.float32, Tensor size=2256 bytes, Tensor storage size=2176
		tensor([[-3.0121,  2.7930, -0.1471, -0.6426, -0.0166, -1.9548,  0.4633,  0.6794],
        [ 0.6033,  0.3664,  0.9575,  0.5402, -0.8614, -1.5979, -1.4298,  0.9843],
        [-1.4888,  1.4524, -1.0331,  0.1524,  2.4763, -1.9010,  0.4223, -1.0930],
        [-0.9677,  2.7373, -0.2799,  0.7853,  1.3985, -1.2424,  0.4376, -1.1569],
        [-3.8473,  0.5740, -1.5947, -0.5214,  0.7990, -2.0734, -1.1843, -1.5015],
        [ 0.2527,  0.8557, -1.5435,  2.0430, -0.2718,  2.4741,  0.0604, -1.3930],
        [ 0.8523,  1.0509,  1.8382,  1.3721,  0.4307,  2.1791,  1.4940,  0.5465],
        [-0.0715, -0.5768, -1.6107, -0.3135,  0.1726,  0.2745,  1.4840, -1.0995]])...
	Related Layers:
		- parent layers: layernorm_1_5
		- child layers: transpose_2_20
		- shares parents with layers: linear_1_6, linear_2_7, linear_3_16, linear_5_19, linear_6_28, linear_7_30, linear_8_31, linear_9_40, linear_10_42, linear_11_43, linear_12_52, linear_13_54, linear_14_55, linear_15_64, linear_16_66, linear_17_67, linear_18_76, linear_19_78, linear_20_79, linear_21_88, linear_22_90, linear_23_91, linear_24_100
		- shares children with no other layers
		- descendent of input layers: input_1
		- ancestor of output layers: output_1
	Params: Computed from params with shape (48, 384); 18432 params total (72.1 KB)
	Function: linear (grad_fn: UnsafeViewBackward0) 
	Computed inside module: blocks.0.sa.heads.1.key:1
	Time elapsed:  1.225E-04s
	Output of modules: blocks.0.sa.heads.1.key
	Output of bottom-level module: blocks.0.sa.heads.1.key:1
	Lookup keys: -679, 19, blocks.0.sa.heads.1.key, blocks.0.sa.heads.1.key:1, linear_4, linear_4:1, linear_4_18, linear_4_18:1
--------------------------------------------
Layer linear_5_19, operation 19/648:
	Output tensor: shape=1x11x48(2112 bytes), dype=torch.float32, Tensor size=2256 bytes, Tensor storage size=2176
		tensor([[ 1.0120, -1.0498,  0.2061, -0.2391, -1.4873, -0.7215,  0.2445, -0.0547],
        [-0.1359, -0.7281,  0.4124, -0.1348,  0.5677,  1.7322,  1.2829, -0.1028],
        [ 1.4544, -0.5691,  2.6821,  0.4019, -0.5033,  0.5378, -1.4170,  0.0657],
        [ 2.3267, -1.0402,  2.1407, -0.2695,  0.8676,  1.9633,  0.5447,  0.9522],
        [-0.0092,  1.3960,  1.3730,  0.6387,  1.0016, -0.3942, -0.4826, -0.2793],
        [-0.9705, -1.5920,  0.6924,  1.2673,  1.2817,  1.0234,  0.5210,  1.1265],
        [-1.2808, -0.0292, -0.7092,  1.4191,  1.2332,  1.2946, -1.0822, -1.4677],
        [ 0.5112,  1.4264,  2.2781,  1.5743, -0.1529,  2.3817, -0.8705,  1.3610]])...
	Related Layers:
		- parent layers: layernorm_1_5
		- child layers: matmul_3_21
		- shares parents with layers: linear_1_6, linear_2_7, linear_3_16, linear_4_18, linear_6_28, linear_7_30, linear_8_31, linear_9_40, linear_10_42, linear_11_43, linear_12_52, linear_13_54, linear_14_55, linear_15_64, linear_16_66, linear_17_67, linear_18_76, linear_19_78, linear_20_79, linear_21_88, linear_22_90, linear_23_91, linear_24_100
		- shares children with layers: transpose_2_20
		- descendent of input layers: input_1
		- ancestor of output layers: output_1
	Params: Computed from params with shape (48, 384); 18432 params total (72.1 KB)
	Function: linear (grad_fn: UnsafeViewBackward0) 
	Computed inside module: blocks.0.sa.heads.1.query:1
	Time elapsed:  1.163E-04s
	Output of modules: blocks.0.sa.heads.1.query
	Output of bottom-level module: blocks.0.sa.heads.1.query:1
	Lookup keys: -678, 20, blocks.0.sa.heads.1.query, blocks.0.sa.heads.1.query:1, linear_5, linear_5:1, linear_5_19, linear_5_19:1
--------------------------------------------
Layer transpose_2_20, operation 20/648:
	Output tensor: shape=1x48x11(2112 bytes), dype=torch.float32, Tensor size=2256 bytes, Tensor storage size=2176
		tensor([[-3.0121,  0.6033, -1.4888, -0.9677, -3.8473,  0.2527,  0.8523, -0.0715],
        [ 2.7930,  0.3664,  1.4524,  2.7373,  0.5740,  0.8557,  1.0509, -0.5768],
        [-0.1471,  0.9575, -1.0331, -0.2799, -1.5947, -1.5435,  1.8382, -1.6107],
        [-0.6426,  0.5402,  0.1524,  0.7853, -0.5214,  2.0430,  1.3721, -0.3135],
        [-0.0166, -0.8614,  2.4763,  1.3985,  0.7990, -0.2718,  0.4307,  0.1726],
        [-1.9548, -1.5979, -1.9010, -1.2424, -2.0734,  2.4741,  2.1791,  0.2745],
        [ 0.4633, -1.4298,  0.4223,  0.4376, -1.1843,  0.0604,  1.4940,  1.4840],
        [ 0.6794,  0.9843, -1.0930, -1.1569, -1.5015, -1.3930,  0.5465, -1.0995]])...
	Related Layers:
		- parent layers: linear_4_18
		- child layers: matmul_3_21
		- shares parents with no other layers
		- shares children with layers: linear_5_19
		- descendent of input layers: input_1
		- ancestor of output layers: output_1
	Params: no params used
	Function: transpose (grad_fn: TransposeBackward0) 
	Computed inside module: blocks.0.sa.heads.1:1
	Time elapsed:  6.104E-05s
	Output of modules: none
	Lookup keys: -677, 21, transpose_2, transpose_2:1, transpose_2_20, transpose_2_20:1
--------------------------------------------
Layer matmul_3_21, operation 21/648:
	Output tensor: shape=1x11x11(484 bytes), dype=torch.float32, Tensor size=628 bytes, Tensor storage size=548
		tensor([[-20.1665,  -8.2682, -25.1718, -22.8222, -18.2995, -13.4541, -12.8340,
           3.7783],
        [ 30.8340,  21.7667,  -4.7702,  -8.9392,  11.6380,  12.9462,   9.1247,
          -4.3887],
        [-32.3807,   4.6842, -19.5728, -10.5456, -21.0025,  -5.1899,  17.3743,
         -18.8229],
        [-58.6156, -11.2196, -12.2116, -17.3452, -36.2652,  -6.8115,  31.9498,
         -13.9121],
        [-27.5001, -24.1467,  11.8637,  34.5666, -19.5213, -28.3958,   0.5574,
         -29.4492],
        [ -1.7448,  -0.1839,  -2.3812,   0.6145,  16.3657, -12.2130,  14.8540,
          -4.0861],
        [  4.2267,   5.3532,  -8.4424,  -4.6112,  15.1281,  17.2641,  -3.1558,
           0.5235],
        [-44.3093,  -6.0217, -32.5287, -24.6265, -40.8029,  -9.7724,  30.9777,
         -31.3865]])...
	Related Layers:
		- parent layers: linear_5_19, transpose_2_20
		- child layers: mul_2_22
		- shares parents with no other layers
		- shares children with no other layers
		- descendent of input layers: input_1
		- ancestor of output layers: output_1
	Params: no params used
	Function: __matmul__ (grad_fn: UnsafeViewBackward0) 
	Computed inside module: blocks.0.sa.heads.1:1
	Time elapsed:  9.298E-05s
	Output of modules: none
	Lookup keys: -676, 22, matmul_3, matmul_3:1, matmul_3_21, matmul_3_21:1
--------------------------------------------
Layer mul_2_22, operation 22/648:
	Output tensor: shape=1x11x11(484 bytes), dype=torch.float32, Tensor size=628 bytes, Tensor storage size=548
		tensor([[-1.0291, -0.4219, -1.2845, -1.1646, -0.9338, -0.6866, -0.6549,  0.1928],
        [ 1.5735,  1.1108, -0.2434, -0.4562,  0.5939,  0.6607,  0.4656, -0.2240],
        [-1.6524,  0.2390, -0.9988, -0.5382, -1.0718, -0.2648,  0.8866, -0.9606],
        [-2.9912, -0.5725, -0.6232, -0.8851, -1.8507, -0.3476,  1.6304, -0.7099],
        [-1.4034, -1.2322,  0.6054,  1.7640, -0.9962, -1.4491,  0.0284, -1.5028],
        [-0.0890, -0.0094, -0.1215,  0.0314,  0.8352, -0.6232,  0.7580, -0.2085],
        [ 0.2157,  0.2732, -0.4308, -0.2353,  0.7720,  0.8810, -0.1610,  0.0267],
        [-2.2612, -0.3073, -1.6600, -1.2567, -2.0822, -0.4987,  1.5808, -1.6017]])...
	Related Layers:
		- parent layers: matmul_3_21
		- child layers: maskedfill_2_25
		- shares parents with no other layers
		- shares children with layers: eq_2_24
		- descendent of input layers: input_1
		- ancestor of output layers: output_1
	Params: no params used
	Function: __mul__ (grad_fn: MulBackward0) 
	Computed inside module: blocks.0.sa.heads.1:1
	Time elapsed:  7.534E-05s
	Output of modules: none
	Lookup keys: -675, 23, mul_2, mul_2:1, mul_2_22, mul_2_22:1
--------------------------------------------
Layer getitem_2_23, operation 23/648:
	Output tensor: shape=11x11(484 bytes), dype=torch.float32, Tensor size=612 bytes, Tensor storage size=262208
		tensor([[1., 0., 0., 0., 0., 0., 0., 0.],
        [1., 1., 0., 0., 0., 0., 0., 0.],
        [1., 1., 1., 0., 0., 0., 0., 0.],
        [1., 1., 1., 1., 0., 0., 0., 0.],
        [1., 1., 1., 1., 1., 0., 0., 0.],
        [1., 1., 1., 1., 1., 1., 0., 0.],
        [1., 1., 1., 1., 1., 1., 1., 0.],
        [1., 1., 1., 1., 1., 1., 1., 1.]])...
	Related Layers:
		- parent layers: buffer_2
		- child layers: eq_2_24
		- shares parents with no other layers
		- shares children with no other layers
		- tensor was created de novo inside the model (not computed from input)
		- ancestor of output layers: output_1
	Params: no params used
	Function: __getitem__ (grad_fn: NoneType) 
	Computed inside module: not computed inside a module
	Time elapsed:  1.271E-04s
	Output of modules: none
	Lookup keys: -673, 25, getitem_2, getitem_2:1, getitem_2_23, getitem_2_23:1
--------------------------------------------
Layer eq_2_24, operation 24/648:
	Output tensor: shape=11x11(121 bytes), dype=torch.bool, Tensor size=249 bytes, Tensor storage size=185
		tensor([[False,  True,  True,  True,  True,  True,  True,  True],
        [False, False,  True,  True,  True,  True,  True,  True],
        [False, False, False,  True,  True,  True,  True,  True],
        [False, False, False, False,  True,  True,  True,  True],
        [False, False, False, False, False,  True,  True,  True],
        [False, False, False, False, False, False,  True,  True],
        [False, False, False, False, False, False, False,  True],
        [False, False, False, False, False, False, False, False]])...
	Related Layers:
		- parent layers: getitem_2_23
		- child layers: maskedfill_2_25
		- shares parents with no other layers
		- shares children with layers: mul_2_22
		- tensor was created de novo inside the model (not computed from input)
		- ancestor of output layers: output_1
	Params: no params used
	Function: __eq__ (grad_fn: NoneType) 
	Computed inside module: not computed inside a module
	Time elapsed:  8.345E-05s
	Output of modules: none
	Lookup keys: -672, 26, eq_2, eq_2:1, eq_2_24, eq_2_24:1
--------------------------------------------
Layer maskedfill_2_25, operation 25/648:
	Output tensor: shape=1x11x11(484 bytes), dype=torch.float32, Tensor size=628 bytes, Tensor storage size=548
		tensor([[-1.0291,    -inf,    -inf,    -inf,    -inf,    -inf,    -inf,    -inf],
        [ 1.5735,  1.1108,    -inf,    -inf,    -inf,    -inf,    -inf,    -inf],
        [-1.6524,  0.2390, -0.9988,    -inf,    -inf,    -inf,    -inf,    -inf],
        [-2.9912, -0.5725, -0.6232, -0.8851,    -inf,    -inf,    -inf,    -inf],
        [-1.4034, -1.2322,  0.6054,  1.7640, -0.9962,    -inf,    -inf,    -inf],
        [-0.0890, -0.0094, -0.1215,  0.0314,  0.8352, -0.6232,    -inf,    -inf],
        [ 0.2157,  0.2732, -0.4308, -0.2353,  0.7720,  0.8810, -0.1610,    -inf],
        [-2.2612, -0.3073, -1.6600, -1.2567, -2.0822, -0.4987,  1.5808, -1.6017]])...
	Related Layers:
		- parent layers: mul_2_22, eq_2_24
		- child layers: softmax_2_26
		- shares parents with no other layers
		- shares children with no other layers
		- descendent of input layers: input_1
		- ancestor of output layers: output_1
	Params: no params used
	Function: masked_fill (grad_fn: MaskedFillBackward0) 
	Computed inside module: blocks.0.sa.heads.1:1
	Time elapsed:  8.535E-05s
	Output of modules: none
	Lookup keys: -671, 27, maskedfill_2, maskedfill_2:1, maskedfill_2_25, maskedfill_2_25:1
--------------------------------------------
Layer softmax_2_26, operation 26/648:
	Output tensor: shape=1x11x11(484 bytes), dype=torch.float32, Tensor size=628 bytes, Tensor storage size=548
		tensor([[1.0000, 0.0000, 0.0000, 0.0000, 0.0000, 0.0000, 0.0000, 0.0000],
        [0.6137, 0.3863, 0.0000, 0.0000, 0.0000, 0.0000, 0.0000, 0.0000],
        [0.1047, 0.6940, 0.2013, 0.0000, 0.0000, 0.0000, 0.0000, 0.0000],
        [0.0321, 0.3609, 0.3430, 0.2640, 0.0000, 0.0000, 0.0000, 0.0000],
        [0.0287, 0.0340, 0.2137, 0.6806, 0.0431, 0.0000, 0.0000, 0.0000],
        [0.1373, 0.1487, 0.1329, 0.1548, 0.3459, 0.0805, 0.0000, 0.0000],
        [0.1317, 0.1394, 0.0690, 0.0839, 0.2296, 0.2561, 0.0903, 0.0000],
        [0.0147, 0.1035, 0.0268, 0.0400, 0.0175, 0.0855, 0.6837, 0.0284]])...
	Related Layers:
		- parent layers: maskedfill_2_25
		- child layers: dropout_2_27
		- shares parents with no other layers
		- shares children with no other layers
		- descendent of input layers: input_1
		- ancestor of output layers: output_1
	Params: no params used
	Function: softmax (grad_fn: SoftmaxBackward0) 
	Computed inside module: blocks.0.sa.heads.1:1
	Time elapsed:  7.486E-05s
	Output of modules: none
	Lookup keys: -670, 28, softmax_2, softmax_2:1, softmax_2_26, softmax_2_26:1
--------------------------------------------
Layer dropout_2_27, operation 27/648:
	Output tensor: shape=1x11x11(484 bytes), dype=torch.float32, Tensor size=628 bytes, Tensor storage size=548
		tensor([[1.0000, 0.0000, 0.0000, 0.0000, 0.0000, 0.0000, 0.0000, 0.0000],
        [0.6137, 0.3863, 0.0000, 0.0000, 0.0000, 0.0000, 0.0000, 0.0000],
        [0.1047, 0.6940, 0.2013, 0.0000, 0.0000, 0.0000, 0.0000, 0.0000],
        [0.0321, 0.3609, 0.3430, 0.2640, 0.0000, 0.0000, 0.0000, 0.0000],
        [0.0287, 0.0340, 0.2137, 0.6806, 0.0431, 0.0000, 0.0000, 0.0000],
        [0.1373, 0.1487, 0.1329, 0.1548, 0.3459, 0.0805, 0.0000, 0.0000],
        [0.1317, 0.1394, 0.0690, 0.0839, 0.2296, 0.2561, 0.0903, 0.0000],
        [0.0147, 0.1035, 0.0268, 0.0400, 0.0175, 0.0855, 0.6837, 0.0284]])...
	Related Layers:
		- parent layers: softmax_2_26
		- child layers: matmul_4_29
		- shares parents with no other layers
		- shares children with layers: linear_6_28
		- descendent of input layers: input_1
		- ancestor of output layers: output_1
	Params: no params used
	Function: dropout (grad_fn: SoftmaxBackward0) 
	Computed inside module: blocks.0.sa.heads.1.dropout:1
	Time elapsed:  5.841E-05s
	Output of modules: blocks.0.sa.heads.1.dropout
